00901
00000000000000000001
14901
00000000000000000000
06E91
00000000000000001011
00901
00011111101111111001
14901
00000000000000000110
10301
00000000000100000000
0FF10
00011111101111111001
11201
00000000000100000001
15000
00EE1
00000000000000000000
11AE1
00000000000000000010
11FE1
00000000000000000001
113E1
00901
00000000000000000001
0C139
00011111101111111001
00230
09100
00011111101111111001
01331
00000000000000000001
0FF10
00011111101111111001
00A20
103E1
01331
00000000000000000010
0FF10
00011111101111111001
0022A
103E1
10FE1
00000000000000000001
10AE1
00000000000000000010
00EE1
00000000000000000011
00730
06771
00000000000000010000
00772
14701
00000000000000001010
09F00
13801
00000000000000001001
06881
00000000000000000001
04881
00000000000000000001
14801
00000000000000001001
00801
00000000000011111111
14801
00000000000000010101
00801
00000000000000000001
14801
00000000000000010110
13801
00000000000000010100
00881
00000000000100000001
14801
00000000000000010100
14001
00000000000000000101
12000
WORD
