000 00C01 00000000 0007FFFF 00000000 00000000 00000000 00000000 00000000 00000000 00000000 00000000 00000000 00000000 00000000 00000000 00000000 00000000
002 00B01 00000000 00001000 00000000 00000000 00000000 00000000 00000000 00000000 00000000 00000000 00000000 00000000 0007FFFF 00000000 00000000 00000000
004 00701 00000000 00000000 00000000 00000000 00000000 00000000 00000000 00000000 00000000 00000000 00000000 00001000 0007FFFF 00000000 00000000 00000000
006 00801 00000000 00000001 00000000 00000000 00000000 00000000 00000000 00000000 00000000 00000000 00000000 00001000 0007FFFF 00000000 00000000 00000000
008 00A01 00000000 00000102 00000000 00000000 00000000 00000000 00000000 00000000 00000001 00000000 00000000 00001000 0007FFFF 00000000 00000000 00000000
00A 09100 00000000 0000000C 00000000 00000000 00000000 00000000 00000000 00000000 00000001 00000000 00000102 00001000 0007FFFF 00000000 00000000 00000000
00C 00987 00000000 0000000C 00000000 00000000 00000000 00000000 00000000 00000000 00000001 00000000 00000102 00001000 0007FFFF 00000000 00000000 00000000
00D 0C19C 00000000 00000018 00000000 00000000 00000000 00000000 00000000 00000000 00000001 00000001 00000102 00001000 0007FFFF 00000000 00000000 00000000
00F 119A0 00000000 00000018 00000000 00000000 00000000 00000000 00000000 00000000 00000001 00000001 00000102 00001000 0007FFFF 00000000 00000000 00000000
010 00780 00000000 00000018 00000000 00000000 00000000 00000000 00000000 00000000 00000001 00000001 00000102 00001000 0007FFFF 00000000 00000000 00000000
011 00890 00000000 00000018 00000000 00000000 00000000 00000000 00000000 00000001 00000001 00000001 00000102 00001000 0007FFFF 00000000 00000000 00000000
012 00AA1 00000000 00000001 00000000 00000000 00000000 00000000 00000000 00000001 00000001 00000001 00000102 00001000 0007FFFF 00000000 00000000 00000000
014 091AB 00000000 00000018 00000000 00000000 00000000 00000000 00000000 00000001 00000001 00000001 00000103 00001000 0007FFFF 00000000 00000000 00000000
016 09100 00000000 0000000C 00000000 00000000 00000000 00000000 00000000 00000001 00000001 00000001 00000103 00001000 0007FFFF 00000000 00000000 00000000
00C 00987 00000000 0000000C 00000000 00000000 00000000 00000000 00000000 00000001 00000001 00000001 00000103 00001000 0007FFFF 00000000 00000000 00000000
00D 0C19C 00000000 00000018 00000000 00000000 00000000 00000000 00000000 00000001 00000001 00000002 00000103 00001000 0007FFFF 00000000 00000000 00000000
00F 119A0 00000000 00000018 00000000 00000000 00000000 00000000 00000000 00000001 00000001 00000002 00000103 00001000 0007FFFF 00000000 00000000 00000000
010 00780 00000000 00000018 00000000 00000000 00000000 00000000 00000000 00000001 00000001 00000002 00000103 00001000 0007FFFF 00000000 00000000 00000000
011 00890 00000000 00000018 00000000 00000000 00000000 00000000 00000000 00000001 00000001 00000002 00000103 00001000 0007FFFF 00000000 00000000 00000000
012 00AA1 00000000 00000001 00000000 00000000 00000000 00000000 00000000 00000001 00000002 00000002 00000103 00001000 0007FFFF 00000000 00000000 00000000
014 091AB 00000000 00000018 00000000 00000000 00000000 00000000 00000000 00000001 00000002 00000002 00000104 00001000 0007FFFF 00000000 00000000 00000000
016 09100 00000000 0000000C 00000000 00000000 00000000 00000000 00000000 00000001 00000002 00000002 00000104 00001000 0007FFFF 00000000 00000000 00000000
00C 00987 00000000 0000000C 00000000 00000000 00000000 00000000 00000000 00000001 00000002 00000002 00000104 00001000 0007FFFF 00000000 00000000 00000000
00D 0C19C 00000000 00000018 00000000 00000000 00000000 00000000 00000000 00000001 00000002 00000003 00000104 00001000 0007FFFF 00000000 00000000 00000000
00F 119A0 00000000 00000018 00000000 00000000 00000000 00000000 00000000 00000001 00000002 00000003 00000104 00001000 0007FFFF 00000000 00000000 00000000
010 00780 00000000 00000018 00000000 00000000 00000000 00000000 00000000 00000001 00000002 00000003 00000104 00001000 0007FFFF 00000000 00000000 00000000
011 00890 00000000 00000018 00000000 00000000 00000000 00000000 00000000 00000002 00000002 00000003 00000104 00001000 0007FFFF 00000000 00000000 00000000
012 00AA1 00000000 00000001 00000000 00000000 00000000 00000000 00000000 00000002 00000003 00000003 00000104 00001000 0007FFFF 00000000 00000000 00000000
014 091AB 00000000 00000018 00000000 00000000 00000000 00000000 00000000 00000002 00000003 00000003 00000105 00001000 0007FFFF 00000000 00000000 00000000
016 09100 00000000 0000000C 00000000 00000000 00000000 00000000 00000000 00000002 00000003 00000003 00000105 00001000 0007FFFF 00000000 00000000 00000000
00C 00987 00000000 0000000C 00000000 00000000 00000000 00000000 00000000 00000002 00000003 00000003 00000105 00001000 0007FFFF 00000000 00000000 00000000
00D 0C19C 00000000 00000018 00000000 00000000 00000000 00000000 00000000 00000002 00000003 00000005 00000105 00001000 0007FFFF 00000000 00000000 00000000
00F 119A0 00000000 00000018 00000000 00000000 00000000 00000000 00000000 00000002 00000003 00000005 00000105 00001000 0007FFFF 00000000 00000000 00000000
010 00780 00000000 00000018 00000000 00000000 00000000 00000000 00000000 00000002 00000003 00000005 00000105 00001000 0007FFFF 00000000 00000000 00000000
011 00890 00000000 00000018 00000000 00000000 00000000 00000000 00000000 00000003 00000003 00000005 00000105 00001000 0007FFFF 00000000 00000000 00000000
012 00AA1 00000000 00000001 00000000 00000000 00000000 00000000 00000000 00000003 00000005 00000005 00000105 00001000 0007FFFF 00000000 00000000 00000000
014 091AB 00000000 00000018 00000000 00000000 00000000 00000000 00000000 00000003 00000005 00000005 00000106 00001000 0007FFFF 00000000 00000000 00000000
016 09100 00000000 0000000C 00000000 00000000 00000000 00000000 00000000 00000003 00000005 00000005 00000106 00001000 0007FFFF 00000000 00000000 00000000
00C 00987 00000000 0000000C 00000000 00000000 00000000 00000000 00000000 00000003 00000005 00000005 00000106 00001000 0007FFFF 00000000 00000000 00000000
00D 0C19C 00000000 00000018 00000000 00000000 00000000 00000000 00000000 00000003 00000005 00000008 00000106 00001000 0007FFFF 00000000 00000000 00000000
00F 119A0 00000000 00000018 00000000 00000000 00000000 00000000 00000000 00000003 00000005 00000008 00000106 00001000 0007FFFF 00000000 00000000 00000000
010 00780 00000000 00000018 00000000 00000000 00000000 00000000 00000000 00000003 00000005 00000008 00000106 00001000 0007FFFF 00000000 00000000 00000000
011 00890 00000000 00000018 00000000 00000000 00000000 00000000 00000000 00000005 00000005 00000008 00000106 00001000 0007FFFF 00000000 00000000 00000000
012 00AA1 00000000 00000001 00000000 00000000 00000000 00000000 00000000 00000005 00000008 00000008 00000106 00001000 0007FFFF 00000000 00000000 00000000
014 091AB 00000000 00000018 00000000 00000000 00000000 00000000 00000000 00000005 00000008 00000008 00000107 00001000 0007FFFF 00000000 00000000 00000000
016 09100 00000000 0000000C 00000000 00000000 00000000 00000000 00000000 00000005 00000008 00000008 00000107 00001000 0007FFFF 00000000 00000000 00000000
00C 00987 00000000 0000000C 00000000 00000000 00000000 00000000 00000000 00000005 00000008 00000008 00000107 00001000 0007FFFF 00000000 00000000 00000000
00D 0C19C 00000000 00000018 00000000 00000000 00000000 00000000 00000000 00000005 00000008 0000000D 00000107 00001000 0007FFFF 00000000 00000000 00000000
00F 119A0 00000000 00000018 00000000 00000000 00000000 00000000 00000000 00000005 00000008 0000000D 00000107 00001000 0007FFFF 00000000 00000000 00000000
010 00780 00000000 00000018 00000000 00000000 00000000 00000000 00000000 00000005 00000008 0000000D 00000107 00001000 0007FFFF 00000000 00000000 00000000
011 00890 00000000 00000018 00000000 00000000 00000000 00000000 00000000 00000008 00000008 0000000D 00000107 00001000 0007FFFF 00000000 00000000 00000000
012 00AA1 00000000 00000001 00000000 00000000 00000000 00000000 00000000 00000008 0000000D 0000000D 00000107 00001000 0007FFFF 00000000 00000000 00000000
014 091AB 00000000 00000018 00000000 00000000 00000000 00000000 00000000 00000008 0000000D 0000000D 00000108 00001000 0007FFFF 00000000 00000000 00000000
016 09100 00000000 0000000C 00000000 00000000 00000000 00000000 00000000 00000008 0000000D 0000000D 00000108 00001000 0007FFFF 00000000 00000000 00000000
00C 00987 00000000 0000000C 00000000 00000000 00000000 00000000 00000000 00000008 0000000D 0000000D 00000108 00001000 0007FFFF 00000000 00000000 00000000
00D 0C19C 00000000 00000018 00000000 00000000 00000000 00000000 00000000 00000008 0000000D 00000015 00000108 00001000 0007FFFF 00000000 00000000 00000000
00F 119A0 00000000 00000018 00000000 00000000 00000000 00000000 00000000 00000008 0000000D 00000015 00000108 00001000 0007FFFF 00000000 00000000 00000000
010 00780 00000000 00000018 00000000 00000000 00000000 00000000 00000000 00000008 0000000D 00000015 00000108 00001000 0007FFFF 00000000 00000000 00000000
011 00890 00000000 00000018 00000000 00000000 00000000 00000000 00000000 0000000D 0000000D 00000015 00000108 00001000 0007FFFF 00000000 00000000 00000000
012 00AA1 00000000 00000001 00000000 00000000 00000000 00000000 00000000 0000000D 00000015 00000015 00000108 00001000 0007FFFF 00000000 00000000 00000000
014 091AB 00000000 00000018 00000000 00000000 00000000 00000000 00000000 0000000D 00000015 00000015 00000109 00001000 0007FFFF 00000000 00000000 00000000
016 09100 00000000 0000000C 00000000 00000000 00000000 00000000 00000000 0000000D 00000015 00000015 00000109 00001000 0007FFFF 00000000 00000000 00000000
00C 00987 00000000 0000000C 00000000 00000000 00000000 00000000 00000000 0000000D 00000015 00000015 00000109 00001000 0007FFFF 00000000 00000000 00000000
00D 0C19C 00000000 00000018 00000000 00000000 00000000 00000000 00000000 0000000D 00000015 00000022 00000109 00001000 0007FFFF 00000000 00000000 00000000
00F 119A0 00000000 00000018 00000000 00000000 00000000 00000000 00000000 0000000D 00000015 00000022 00000109 00001000 0007FFFF 00000000 00000000 00000000
010 00780 00000000 00000018 00000000 00000000 00000000 00000000 00000000 0000000D 00000015 00000022 00000109 00001000 0007FFFF 00000000 00000000 00000000
011 00890 00000000 00000018 00000000 00000000 00000000 00000000 00000000 00000015 00000015 00000022 00000109 00001000 0007FFFF 00000000 00000000 00000000
012 00AA1 00000000 00000001 00000000 00000000 00000000 00000000 00000000 00000015 00000022 00000022 00000109 00001000 0007FFFF 00000000 00000000 00000000
014 091AB 00000000 00000018 00000000 00000000 00000000 00000000 00000000 00000015 00000022 00000022 0000010A 00001000 0007FFFF 00000000 00000000 00000000
016 09100 00000000 0000000C 00000000 00000000 00000000 00000000 00000000 00000015 00000022 00000022 0000010A 00001000 0007FFFF 00000000 00000000 00000000
00C 00987 00000000 0000000C 00000000 00000000 00000000 00000000 00000000 00000015 00000022 00000022 0000010A 00001000 0007FFFF 00000000 00000000 00000000
00D 0C19C 00000000 00000018 00000000 00000000 00000000 00000000 00000000 00000015 00000022 00000037 0000010A 00001000 0007FFFF 00000000 00000000 00000000
00F 119A0 00000000 00000018 00000000 00000000 00000000 00000000 00000000 00000015 00000022 00000037 0000010A 00001000 0007FFFF 00000000 00000000 00000000
010 00780 00000000 00000018 00000000 00000000 00000000 00000000 00000000 00000015 00000022 00000037 0000010A 00001000 0007FFFF 00000000 00000000 00000000
011 00890 00000000 00000018 00000000 00000000 00000000 00000000 00000000 00000022 00000022 00000037 0000010A 00001000 0007FFFF 00000000 00000000 00000000
012 00AA1 00000000 00000001 00000000 00000000 00000000 00000000 00000000 00000022 00000037 00000037 0000010A 00001000 0007FFFF 00000000 00000000 00000000
014 091AB 00000000 00000018 00000000 00000000 00000000 00000000 00000000 00000022 00000037 00000037 0000010B 00001000 0007FFFF 00000000 00000000 00000000
016 09100 00000000 0000000C 00000000 00000000 00000000 00000000 00000000 00000022 00000037 00000037 0000010B 00001000 0007FFFF 00000000 00000000 00000000
00C 00987 00000000 0000000C 00000000 00000000 00000000 00000000 00000000 00000022 00000037 00000037 0000010B 00001000 0007FFFF 00000000 00000000 00000000
00D 0C19C 00000000 00000018 00000000 00000000 00000000 00000000 00000000 00000022 00000037 00000059 0000010B 00001000 0007FFFF 00000000 00000000 00000000
00F 119A0 00000000 00000018 00000000 00000000 00000000 00000000 00000000 00000022 00000037 00000059 0000010B 00001000 0007FFFF 00000000 00000000 00000000
010 00780 00000000 00000018 00000000 00000000 00000000 00000000 00000000 00000022 00000037 00000059 0000010B 00001000 0007FFFF 00000000 00000000 00000000
011 00890 00000000 00000018 00000000 00000000 00000000 00000000 00000000 00000037 00000037 00000059 0000010B 00001000 0007FFFF 00000000 00000000 00000000
012 00AA1 00000000 00000001 00000000 00000000 00000000 00000000 00000000 00000037 00000059 00000059 0000010B 00001000 0007FFFF 00000000 00000000 00000000
014 091AB 00000000 00000018 00000000 00000000 00000000 00000000 00000000 00000037 00000059 00000059 0000010C 00001000 0007FFFF 00000000 00000000 00000000
016 09100 00000000 0000000C 00000000 00000000 00000000 00000000 00000000 00000037 00000059 00000059 0000010C 00001000 0007FFFF 00000000 00000000 00000000
00C 00987 00000000 0000000C 00000000 00000000 00000000 00000000 00000000 00000037 00000059 00000059 0000010C 00001000 0007FFFF 00000000 00000000 00000000
00D 0C19C 00000000 00000018 00000000 00000000 00000000 00000000 00000000 00000037 00000059 00000090 0000010C 00001000 0007FFFF 00000000 00000000 00000000
00F 119A0 00000000 00000018 00000000 00000000 00000000 00000000 00000000 00000037 00000059 00000090 0000010C 00001000 0007FFFF 00000000 00000000 00000000
010 00780 00000000 00000018 00000000 00000000 00000000 00000000 00000000 00000037 00000059 00000090 0000010C 00001000 0007FFFF 00000000 00000000 00000000
011 00890 00000000 00000018 00000000 00000000 00000000 00000000 00000000 00000059 00000059 00000090 0000010C 00001000 0007FFFF 00000000 00000000 00000000
012 00AA1 00000000 00000001 00000000 00000000 00000000 00000000 00000000 00000059 00000090 00000090 0000010C 00001000 0007FFFF 00000000 00000000 00000000
014 091AB 00000000 00000018 00000000 00000000 00000000 00000000 00000000 00000059 00000090 00000090 0000010D 00001000 0007FFFF 00000000 00000000 00000000
016 09100 00000000 0000000C 00000000 00000000 00000000 00000000 00000000 00000059 00000090 00000090 0000010D 00001000 0007FFFF 00000000 00000000 00000000
00C 00987 00000000 0000000C 00000000 00000000 00000000 00000000 00000000 00000059 00000090 00000090 0000010D 00001000 0007FFFF 00000000 00000000 00000000
00D 0C19C 00000000 00000018 00000000 00000000 00000000 00000000 00000000 00000059 00000090 000000E9 0000010D 00001000 0007FFFF 00000000 00000000 00000000
00F 119A0 00000000 00000018 00000000 00000000 00000000 00000000 00000000 00000059 00000090 000000E9 0000010D 00001000 0007FFFF 00000000 00000000 00000000
010 00780 00000000 00000018 00000000 00000000 00000000 00000000 00000000 00000059 00000090 000000E9 0000010D 00001000 0007FFFF 00000000 00000000 00000000
011 00890 00000000 00000018 00000000 00000000 00000000 00000000 00000000 00000090 00000090 000000E9 0000010D 00001000 0007FFFF 00000000 00000000 00000000
012 00AA1 00000000 00000001 00000000 00000000 00000000 00000000 00000000 00000090 000000E9 000000E9 0000010D 00001000 0007FFFF 00000000 00000000 00000000
014 091AB 00000000 00000018 00000000 00000000 00000000 00000000 00000000 00000090 000000E9 000000E9 0000010E 00001000 0007FFFF 00000000 00000000 00000000
016 09100 00000000 0000000C 00000000 00000000 00000000 00000000 00000000 00000090 000000E9 000000E9 0000010E 00001000 0007FFFF 00000000 00000000 00000000
00C 00987 00000000 0000000C 00000000 00000000 00000000 00000000 00000000 00000090 000000E9 000000E9 0000010E 00001000 0007FFFF 00000000 00000000 00000000
00D 0C19C 00000000 00000018 00000000 00000000 00000000 00000000 00000000 00000090 000000E9 00000179 0000010E 00001000 0007FFFF 00000000 00000000 00000000
00F 119A0 00000000 00000018 00000000 00000000 00000000 00000000 00000000 00000090 000000E9 00000179 0000010E 00001000 0007FFFF 00000000 00000000 00000000
010 00780 00000000 00000018 00000000 00000000 00000000 00000000 00000000 00000090 000000E9 00000179 0000010E 00001000 0007FFFF 00000000 00000000 00000000
011 00890 00000000 00000018 00000000 00000000 00000000 00000000 00000000 000000E9 000000E9 00000179 0000010E 00001000 0007FFFF 00000000 00000000 00000000
012 00AA1 00000000 00000001 00000000 00000000 00000000 00000000 00000000 000000E9 00000179 00000179 0000010E 00001000 0007FFFF 00000000 00000000 00000000
014 091AB 00000000 00000018 00000000 00000000 00000000 00000000 00000000 000000E9 00000179 00000179 0000010F 00001000 0007FFFF 00000000 00000000 00000000
016 09100 00000000 0000000C 00000000 00000000 00000000 00000000 00000000 000000E9 00000179 00000179 0000010F 00001000 0007FFFF 00000000 00000000 00000000
00C 00987 00000000 0000000C 00000000 00000000 00000000 00000000 00000000 000000E9 00000179 00000179 0000010F 00001000 0007FFFF 00000000 00000000 00000000
00D 0C19C 00000000 00000018 00000000 00000000 00000000 00000000 00000000 000000E9 00000179 00000262 0000010F 00001000 0007FFFF 00000000 00000000 00000000
00F 119A0 00000000 00000018 00000000 00000000 00000000 00000000 00000000 000000E9 00000179 00000262 0000010F 00001000 0007FFFF 00000000 00000000 00000000
010 00780 00000000 00000018 00000000 00000000 00000000 00000000 00000000 000000E9 00000179 00000262 0000010F 00001000 0007FFFF 00000000 00000000 00000000
011 00890 00000000 00000018 00000000 00000000 00000000 00000000 00000000 00000179 00000179 00000262 0000010F 00001000 0007FFFF 00000000 00000000 00000000
012 00AA1 00000000 00000001 00000000 00000000 00000000 00000000 00000000 00000179 00000262 00000262 0000010F 00001000 0007FFFF 00000000 00000000 00000000
014 091AB 00000000 00000018 00000000 00000000 00000000 00000000 00000000 00000179 00000262 00000262 00000110 00001000 0007FFFF 00000000 00000000 00000000
016 09100 00000000 0000000C 00000000 00000000 00000000 00000000 00000000 00000179 00000262 00000262 00000110 00001000 0007FFFF 00000000 00000000 00000000
00C 00987 00000000 0000000C 00000000 00000000 00000000 00000000 00000000 00000179 00000262 00000262 00000110 00001000 0007FFFF 00000000 00000000 00000000
00D 0C19C 00000000 00000018 00000000 00000000 00000000 00000000 00000000 00000179 00000262 000003DB 00000110 00001000 0007FFFF 00000000 00000000 00000000
00F 119A0 00000000 00000018 00000000 00000000 00000000 00000000 00000000 00000179 00000262 000003DB 00000110 00001000 0007FFFF 00000000 00000000 00000000
010 00780 00000000 00000018 00000000 00000000 00000000 00000000 00000000 00000179 00000262 000003DB 00000110 00001000 0007FFFF 00000000 00000000 00000000
011 00890 00000000 00000018 00000000 00000000 00000000 00000000 00000000 00000262 00000262 000003DB 00000110 00001000 0007FFFF 00000000 00000000 00000000
012 00AA1 00000000 00000001 00000000 00000000 00000000 00000000 00000000 00000262 000003DB 000003DB 00000110 00001000 0007FFFF 00000000 00000000 00000000
014 091AB 00000000 00000018 00000000 00000000 00000000 00000000 00000000 00000262 000003DB 000003DB 00000111 00001000 0007FFFF 00000000 00000000 00000000
016 09100 00000000 0000000C 00000000 00000000 00000000 00000000 00000000 00000262 000003DB 000003DB 00000111 00001000 0007FFFF 00000000 00000000 00000000
00C 00987 00000000 0000000C 00000000 00000000 00000000 00000000 00000000 00000262 000003DB 000003DB 00000111 00001000 0007FFFF 00000000 00000000 00000000
00D 0C19C 00000000 00000018 00000000 00000000 00000000 00000000 00000000 00000262 000003DB 0000063D 00000111 00001000 0007FFFF 00000000 00000000 00000000
00F 119A0 00000000 00000018 00000000 00000000 00000000 00000000 00000000 00000262 000003DB 0000063D 00000111 00001000 0007FFFF 00000000 00000000 00000000
010 00780 00000000 00000018 00000000 00000000 00000000 00000000 00000000 00000262 000003DB 0000063D 00000111 00001000 0007FFFF 00000000 00000000 00000000
011 00890 00000000 00000018 00000000 00000000 00000000 00000000 00000000 000003DB 000003DB 0000063D 00000111 00001000 0007FFFF 00000000 00000000 00000000
012 00AA1 00000000 00000001 00000000 00000000 00000000 00000000 00000000 000003DB 0000063D 0000063D 00000111 00001000 0007FFFF 00000000 00000000 00000000
014 091AB 00000000 00000018 00000000 00000000 00000000 00000000 00000000 000003DB 0000063D 0000063D 00000112 00001000 0007FFFF 00000000 00000000 00000000
016 09100 00000000 0000000C 00000000 00000000 00000000 00000000 00000000 000003DB 0000063D 0000063D 00000112 00001000 0007FFFF 00000000 00000000 00000000
00C 00987 00000000 0000000C 00000000 00000000 00000000 00000000 00000000 000003DB 0000063D 0000063D 00000112 00001000 0007FFFF 00000000 00000000 00000000
00D 0C19C 00000000 00000018 00000000 00000000 00000000 00000000 00000000 000003DB 0000063D 00000A18 00000112 00001000 0007FFFF 00000000 00000000 00000000
00F 119A0 00000000 00000018 00000000 00000000 00000000 00000000 00000000 000003DB 0000063D 00000A18 00000112 00001000 0007FFFF 00000000 00000000 00000000
010 00780 00000000 00000018 00000000 00000000 00000000 00000000 00000000 000003DB 0000063D 00000A18 00000112 00001000 0007FFFF 00000000 00000000 00000000
011 00890 00000000 00000018 00000000 00000000 00000000 00000000 00000000 0000063D 0000063D 00000A18 00000112 00001000 0007FFFF 00000000 00000000 00000000
012 00AA1 00000000 00000001 00000000 00000000 00000000 00000000 00000000 0000063D 00000A18 00000A18 00000112 00001000 0007FFFF 00000000 00000000 00000000
014 091AB 00000000 00000018 00000000 00000000 00000000 00000000 00000000 0000063D 00000A18 00000A18 00000113 00001000 0007FFFF 00000000 00000000 00000000
016 09100 00000000 0000000C 00000000 00000000 00000000 00000000 00000000 0000063D 00000A18 00000A18 00000113 00001000 0007FFFF 00000000 00000000 00000000
00C 00987 00000000 0000000C 00000000 00000000 00000000 00000000 00000000 0000063D 00000A18 00000A18 00000113 00001000 0007FFFF 00000000 00000000 00000000
00D 0C19C 00000000 00000018 00000000 00000000 00000000 00000000 00000000 0000063D 00000A18 00001055 00000113 00001000 0007FFFF 00000000 00000000 00000000
00F 119A0 00000000 00000018 00000000 00000000 00000000 00000000 00000000 0000063D 00000A18 00001055 00000113 00001000 0007FFFF 00000000 00000000 00000000
010 00780 00000000 00000018 00000000 00000000 00000000 00000000 00000000 0000063D 00000A18 00001055 00000113 00001000 0007FFFF 00000000 00000000 00000000
011 00890 00000000 00000018 00000000 00000000 00000000 00000000 00000000 00000A18 00000A18 00001055 00000113 00001000 0007FFFF 00000000 00000000 00000000
012 00AA1 00000000 00000001 00000000 00000000 00000000 00000000 00000000 00000A18 00001055 00001055 00000113 00001000 0007FFFF 00000000 00000000 00000000
014 091AB 00000000 00000018 00000000 00000000 00000000 00000000 00000000 00000A18 00001055 00001055 00000114 00001000 0007FFFF 00000000 00000000 00000000
016 09100 00000000 0000000C 00000000 00000000 00000000 00000000 00000000 00000A18 00001055 00001055 00000114 00001000 0007FFFF 00000000 00000000 00000000
00C 00987 00000000 0000000C 00000000 00000000 00000000 00000000 00000000 00000A18 00001055 00001055 00000114 00001000 0007FFFF 00000000 00000000 00000000
00D 0C19C 00000000 00000018 00000000 00000000 00000000 00000000 00000000 00000A18 00001055 00001A6D 00000114 00001000 0007FFFF 00000000 00000000 00000000
00F 119A0 00000000 00000018 00000000 00000000 00000000 00000000 00000000 00000A18 00001055 00001A6D 00000114 00001000 0007FFFF 00000000 00000000 00000000
010 00780 00000000 00000018 00000000 00000000 00000000 00000000 00000000 00000A18 00001055 00001A6D 00000114 00001000 0007FFFF 00000000 00000000 00000000
011 00890 00000000 00000018 00000000 00000000 00000000 00000000 00000000 00001055 00001055 00001A6D 00000114 00001000 0007FFFF 00000000 00000000 00000000
012 00AA1 00000000 00000001 00000000 00000000 00000000 00000000 00000000 00001055 00001A6D 00001A6D 00000114 00001000 0007FFFF 00000000 00000000 00000000
014 091AB 00000000 00000018 00000000 00000000 00000000 00000000 00000000 00001055 00001A6D 00001A6D 00000115 00001000 0007FFFF 00000000 00000000 00000000
016 09100 00000000 0000000C 00000000 00000000 00000000 00000000 00000000 00001055 00001A6D 00001A6D 00000115 00001000 0007FFFF 00000000 00000000 00000000
00C 00987 00000000 0000000C 00000000 00000000 00000000 00000000 00000000 00001055 00001A6D 00001A6D 00000115 00001000 0007FFFF 00000000 00000000 00000000
00D 0C19C 00000000 00000018 00000000 00000000 00000000 00000000 00000000 00001055 00001A6D 00002AC2 00000115 00001000 0007FFFF 00000000 00000000 00000000
00F 119A0 00000000 00000018 00000000 00000000 00000000 00000000 00000000 00001055 00001A6D 00002AC2 00000115 00001000 0007FFFF 00000000 00000000 00000000
010 00780 00000000 00000018 00000000 00000000 00000000 00000000 00000000 00001055 00001A6D 00002AC2 00000115 00001000 0007FFFF 00000000 00000000 00000000
011 00890 00000000 00000018 00000000 00000000 00000000 00000000 00000000 00001A6D 00001A6D 00002AC2 00000115 00001000 0007FFFF 00000000 00000000 00000000
012 00AA1 00000000 00000001 00000000 00000000 00000000 00000000 00000000 00001A6D 00002AC2 00002AC2 00000115 00001000 0007FFFF 00000000 00000000 00000000
014 091AB 00000000 00000018 00000000 00000000 00000000 00000000 00000000 00001A6D 00002AC2 00002AC2 00000116 00001000 0007FFFF 00000000 00000000 00000000
016 09100 00000000 0000000C 00000000 00000000 00000000 00000000 00000000 00001A6D 00002AC2 00002AC2 00000116 00001000 0007FFFF 00000000 00000000 00000000
00C 00987 00000000 0000000C 00000000 00000000 00000000 00000000 00000000 00001A6D 00002AC2 00002AC2 00000116 00001000 0007FFFF 00000000 00000000 00000000
00D 0C19C 00000000 00000018 00000000 00000000 00000000 00000000 00000000 00001A6D 00002AC2 0000452F 00000116 00001000 0007FFFF 00000000 00000000 00000000
00F 119A0 00000000 00000018 00000000 00000000 00000000 00000000 00000000 00001A6D 00002AC2 0000452F 00000116 00001000 0007FFFF 00000000 00000000 00000000
010 00780 00000000 00000018 00000000 00000000 00000000 00000000 00000000 00001A6D 00002AC2 0000452F 00000116 00001000 0007FFFF 00000000 00000000 00000000
011 00890 00000000 00000018 00000000 00000000 00000000 00000000 00000000 00002AC2 00002AC2 0000452F 00000116 00001000 0007FFFF 00000000 00000000 00000000
012 00AA1 00000000 00000001 00000000 00000000 00000000 00000000 00000000 00002AC2 0000452F 0000452F 00000116 00001000 0007FFFF 00000000 00000000 00000000
014 091AB 00000000 00000018 00000000 00000000 00000000 00000000 00000000 00002AC2 0000452F 0000452F 00000117 00001000 0007FFFF 00000000 00000000 00000000
016 09100 00000000 0000000C 00000000 00000000 00000000 00000000 00000000 00002AC2 0000452F 0000452F 00000117 00001000 0007FFFF 00000000 00000000 00000000
00C 00987 00000000 0000000C 00000000 00000000 00000000 00000000 00000000 00002AC2 0000452F 0000452F 00000117 00001000 0007FFFF 00000000 00000000 00000000
00D 0C19C 00000000 00000018 00000000 00000000 00000000 00000000 00000000 00002AC2 0000452F 00006FF1 00000117 00001000 0007FFFF 00000000 00000000 00000000
00F 119A0 00000000 00000018 00000000 00000000 00000000 00000000 00000000 00002AC2 0000452F 00006FF1 00000117 00001000 0007FFFF 00000000 00000000 00000000
010 00780 00000000 00000018 00000000 00000000 00000000 00000000 00000000 00002AC2 0000452F 00006FF1 00000117 00001000 0007FFFF 00000000 00000000 00000000
011 00890 00000000 00000018 00000000 00000000 00000000 00000000 00000000 0000452F 0000452F 00006FF1 00000117 00001000 0007FFFF 00000000 00000000 00000000
012 00AA1 00000000 00000001 00000000 00000000 00000000 00000000 00000000 0000452F 00006FF1 00006FF1 00000117 00001000 0007FFFF 00000000 00000000 00000000
014 091AB 00000000 00000018 00000000 00000000 00000000 00000000 00000000 0000452F 00006FF1 00006FF1 00000118 00001000 0007FFFF 00000000 00000000 00000000
016 09100 00000000 0000000C 00000000 00000000 00000000 00000000 00000000 0000452F 00006FF1 00006FF1 00000118 00001000 0007FFFF 00000000 00000000 00000000
00C 00987 00000000 0000000C 00000000 00000000 00000000 00000000 00000000 0000452F 00006FF1 00006FF1 00000118 00001000 0007FFFF 00000000 00000000 00000000
00D 0C19C 00000000 00000018 00000000 00000000 00000000 00000000 00000000 0000452F 00006FF1 0000B520 00000118 00001000 0007FFFF 00000000 00000000 00000000
00F 119A0 00000000 00000018 00000000 00000000 00000000 00000000 00000000 0000452F 00006FF1 0000B520 00000118 00001000 0007FFFF 00000000 00000000 00000000
010 00780 00000000 00000018 00000000 00000000 00000000 00000000 00000000 0000452F 00006FF1 0000B520 00000118 00001000 0007FFFF 00000000 00000000 00000000
011 00890 00000000 00000018 00000000 00000000 00000000 00000000 00000000 00006FF1 00006FF1 0000B520 00000118 00001000 0007FFFF 00000000 00000000 00000000
012 00AA1 00000000 00000001 00000000 00000000 00000000 00000000 00000000 00006FF1 0000B520 0000B520 00000118 00001000 0007FFFF 00000000 00000000 00000000
014 091AB 00000000 00000018 00000000 00000000 00000000 00000000 00000000 00006FF1 0000B520 0000B520 00000119 00001000 0007FFFF 00000000 00000000 00000000
016 09100 00000000 0000000C 00000000 00000000 00000000 00000000 00000000 00006FF1 0000B520 0000B520 00000119 00001000 0007FFFF 00000000 00000000 00000000
00C 00987 00000000 0000000C 00000000 00000000 00000000 00000000 00000000 00006FF1 0000B520 0000B520 00000119 00001000 0007FFFF 00000000 00000000 00000000
00D 0C19C 00000000 00000018 00000000 00000000 00000000 00000000 00000000 00006FF1 0000B520 00012511 00000119 00001000 0007FFFF 00000000 00000000 00000000
00F 119A0 00000000 00000018 00000000 00000000 00000000 00000000 00000000 00006FF1 0000B520 00012511 00000119 00001000 0007FFFF 00000000 00000000 00000000
010 00780 00000000 00000018 00000000 00000000 00000000 00000000 00000000 00006FF1 0000B520 00012511 00000119 00001000 0007FFFF 00000000 00000000 00000000
011 00890 00000000 00000018 00000000 00000000 00000000 00000000 00000000 0000B520 0000B520 00012511 00000119 00001000 0007FFFF 00000000 00000000 00000000
012 00AA1 00000000 00000001 00000000 00000000 00000000 00000000 00000000 0000B520 00012511 00012511 00000119 00001000 0007FFFF 00000000 00000000 00000000
014 091AB 00000000 00000018 00000000 00000000 00000000 00000000 00000000 0000B520 00012511 00012511 0000011A 00001000 0007FFFF 00000000 00000000 00000000
016 09100 00000000 0000000C 00000000 00000000 00000000 00000000 00000000 0000B520 00012511 00012511 0000011A 00001000 0007FFFF 00000000 00000000 00000000
00C 00987 00000000 0000000C 00000000 00000000 00000000 00000000 00000000 0000B520 00012511 00012511 0000011A 00001000 0007FFFF 00000000 00000000 00000000
00D 0C19C 00000000 00000018 00000000 00000000 00000000 00000000 00000000 0000B520 00012511 0001DA31 0000011A 00001000 0007FFFF 00000000 00000000 00000000
00F 119A0 00000000 00000018 00000000 00000000 00000000 00000000 00000000 0000B520 00012511 0001DA31 0000011A 00001000 0007FFFF 00000000 00000000 00000000
010 00780 00000000 00000018 00000000 00000000 00000000 00000000 00000000 0000B520 00012511 0001DA31 0000011A 00001000 0007FFFF 00000000 00000000 00000000
011 00890 00000000 00000018 00000000 00000000 00000000 00000000 00000000 00012511 00012511 0001DA31 0000011A 00001000 0007FFFF 00000000 00000000 00000000
012 00AA1 00000000 00000001 00000000 00000000 00000000 00000000 00000000 00012511 0001DA31 0001DA31 0000011A 00001000 0007FFFF 00000000 00000000 00000000
014 091AB 00000000 00000018 00000000 00000000 00000000 00000000 00000000 00012511 0001DA31 0001DA31 0000011B 00001000 0007FFFF 00000000 00000000 00000000
016 09100 00000000 0000000C 00000000 00000000 00000000 00000000 00000000 00012511 0001DA31 0001DA31 0000011B 00001000 0007FFFF 00000000 00000000 00000000
00C 00987 00000000 0000000C 00000000 00000000 00000000 00000000 00000000 00012511 0001DA31 0001DA31 0000011B 00001000 0007FFFF 00000000 00000000 00000000
00D 0C19C 00000000 00000018 00000000 00000000 00000000 00000000 00000000 00012511 0001DA31 0002FF42 0000011B 00001000 0007FFFF 00000000 00000000 00000000
00F 119A0 00000000 00000018 00000000 00000000 00000000 00000000 00000000 00012511 0001DA31 0002FF42 0000011B 00001000 0007FFFF 00000000 00000000 00000000
010 00780 00000000 00000018 00000000 00000000 00000000 00000000 00000000 00012511 0001DA31 0002FF42 0000011B 00001000 0007FFFF 00000000 00000000 00000000
011 00890 00000000 00000018 00000000 00000000 00000000 00000000 00000000 0001DA31 0001DA31 0002FF42 0000011B 00001000 0007FFFF 00000000 00000000 00000000
012 00AA1 00000000 00000001 00000000 00000000 00000000 00000000 00000000 0001DA31 0002FF42 0002FF42 0000011B 00001000 0007FFFF 00000000 00000000 00000000
014 091AB 00000000 00000018 00000000 00000000 00000000 00000000 00000000 0001DA31 0002FF42 0002FF42 0000011C 00001000 00